function motordata = F15Motor()

motordata.thrust = [
0 0 
0.014 11.527
0.075 20.126
0.157 26.572
0.293 29.113
0.382 30.278
0.450 29.690
0.539 30.667
0.614 30.089
0.662 31.150
0.771 30.478
0.948 29.890
0.996 28.714
1.078 28.136
1.187 27.738
1.289 26.761
1.337 26.960
1.412 25.984
1.474 25.008
1.515 26.173
1.542 24.808
1.706 22.856
1.938 20.903
2.101 18.173
2.129 19.338
2.251 16.210
2.402 13.480
2.640 8.791
2.961 3.320
3.310 0.000]; % [s, N]

motordata.dryMass = 0.0833; % kg
motordata.wetMass = .1296; % kg
motordata.height = .124; % m
motordata.diameter = .029; % m
