function motordata = F15Motor()

motordata.thrust = [
0 0 
0.063 0
0.118 0
0.158 0
0.228 0
0.340 0
0.386 0
0.425 0
0.481 0
0.583 0
0.883 0
1.191 0
1.364 0
1.569 0
1.727 0
2.00 0
2.39 0
2.68 0
2.96 0
3.25 0
3.35 0
3.39 0
3.40 0.00]; % [s, N]

motordata.dryMass = 0.043; % kg
motordata.wetMass = .103; % kg
motordata.height = .114; % m
